0.0 95.87724535526152
-122.4960767747472 71.20135702461238
-126.08743378077135 -3.5373160087092117
-129.94447592959077 19.853549825293445
-91.29289597982476 110.28886794718497
-63.602266868848936 104.54282162512844
-112.56100646591426 98.4427309575297
-67.61905941466362 134.7556008926957
-127.9239019080426 92.35236022380653
-71.90034306875127 108.49968123095425
-105.35054424014682 103.0161384034275
-71.65083110862045 127.44280093304891
105.53429685203137 117.0422838912791
-56.54935347691685 -57.283680020050795
-56.730611537785734 -42.11957501823757
-57.382932778362274 -54.17624263247925
-56.76260786235449 -42.72499656934533
-51.765666274323195 -40.0004147521723
-68.97827192316419 -58.03811533924546
-60.55311801677555 -43.227630090433436
-57.34548839540015 -36.45136709973897
-73.77432715883315 -25.68589564948171
-72.89120762113224 -43.12269510524685
-66.33538003452348 -38.37547404702246
-64.39200463145242 -44.89100138447301
-60.939615097797486 -43.14420082470566
-66.83638150242531 -42.469942287894526
-61.96510071765292 -33.85775626977714
-75.08889171615643 -39.50057706122172
-56.93566650400935 -34.13100884492143
-98.84843428334524 30.11802041916469
-135.67514335644407 -62.82696253057248
-69.05809740336869 160.17243470016385
-54.62007461468695 148.01970509481552
-63.88631615999688 -28.089942001386436
-74.1721317451588 -30.262909320468097
-66.41234991989388 -27.77495291128627
-70.18396831073477 -40.55564700701142
-61.767831892294254 -49.54322157701278
-65.0272523254067 -35.42192257588042
-65.07443446808132 -43.0612962680292
-48.14806434647062 -37.73446025009908
-105.98882635362516 13.175228929040593
-100.60498468050375 -51.1628211263058
-149.66892638408802 13.108051201780542
-106.03262295422859 158.29540522897818
-148.62535462219142 0.0
0.0 -36.13241944019697
-78.72473400053508 79.40417076649771
-133.5182802163243 -4.960967683315865
-122.50104463875986 7.120481759032261
-79.57821841868017 100.4130572903975
-61.3442511741891 103.64717390110592
-110.87991330648143 99.87804894875116
-68.61863662441384 133.53789261210656
-125.65094699470842 90.46340374631592
-72.4171856052455 104.9094607234624
-100.14061752968985 104.57091315747783
-72.26306099696382 127.13215138701354
106.811588858618 115.27871057370504
-57.08393971302294 -53.763772605990816
-62.73244611156716 -38.36137540179
-58.93358950311603 -50.44483094630616
-57.83307650708674 -42.917699003820815
-54.61261853823009 -36.778855261911254
-70.02812457656584 -57.16309230233504
-57.011230918685676 -51.60602928826855
-55.54422172213212 -33.60390146251105
-65.75221792050804 -34.652026017521976
-73.22087070162819 -41.912682315078165
-66.33974824712361 -38.963746255187175
-62.83536974412156 -45.492806642755504
-63.268551662747704 -43.438113230473164
-63.91420682975911 -41.49491642324756
-64.55730039316394 -37.2809777448257
-74.12483437185308 -37.22927958373638
-57.923547308296065 -42.389711228869
-83.97346893835874 10.98675788933285
-113.9202180883056 -63.16059577753404
-71.81695795037872 168.18562123467154
-62.5722590106926 148.28340257302432
-62.95837511318671 -24.711071290451006
-74.89576500584847 -27.986677300218926
-67.6354689730396 -27.612211815001704
-68.55604478238601 -39.24760918893789
-65.31791419255794 -46.914268702195656
-67.35441749906842 -33.105400165765126
-66.55517007553334 -41.96505231543549
-49.34387114895766 -41.73537925625482
-98.50698752085799 10.470284268668276
-99.88357060680366 -48.81844389975859
-155.20924860651863 19.414664695992492
-109.00145637663925 165.00240564445764
-144.90774307852763 0.0
0.0 79.43946709005435
-140.44677863241859 75.87763708399716
-131.70681932055538 0.03227725952224042
-130.5186051473376 18.52773381303667
-92.69082104937493 108.59205765190711
-63.28861092397946 104.3058785878481
-114.13773040778409 100.9445882534104
-69.14008842180732 135.0019753823278
-127.7405524715743 89.4096660288481
-68.48224415357518 103.09382639113606
-98.8202135910086 102.43435820610597
-70.66761710881295 127.72411156273901
105.37452500769487 116.65411961601204
-59.283390502965226 -54.05076764354325
-59.60214074211995 -40.37916753031316
-57.88525661312975 -53.88091076977554
-54.51541486354708 -45.3324714638362
-52.66425701584071 -36.69536530740912
-72.18160940564859 -59.03229571558107
-58.827161519688744 -45.39187142713124
-58.44954400184684 -33.847620055789434
-67.56130376129758 -31.663622271505663
-73.39602952134913 -43.429557158223595
-65.71704226232384 -40.61773616683771
-59.122441737243555 -48.17572926629832
-63.584311667120865 -42.29583877892925
-64.15340119586398 -43.04825170807309
-60.397677060808604 -39.63074305693057
-70.59673621275819 -37.88684780131453
-58.78893915623412 -38.16149142524579
-93.44205914934783 17.496501724262586
-116.53405655525222 -64.39402565088781
-71.99055027955696 155.69241187088488
-54.59629668706362 145.69395825798352
-59.94275912569114 -25.33683078356126
-73.00991134477489 -28.023614756497253
-68.6260535990112 -28.581622417151674
-67.62040215720613 -40.66820070904055
-61.783979116182905 -49.42363078051155
-65.51379268789725 -38.14528603933308
-62.263985883329006 -43.03776909217195
-49.69570678955924 -39.555969131750736
-102.81251402310039 14.580080878815506
-105.06289637673272 -52.103825309343144
-146.4548512583771 9.356710522960134
-101.4816169593622 163.61271939121
-139.21544769226549 0.0
0.0 119.95723108740906
-123.91361837748741 88.69415493246237
-129.84624192922192 -3.17680837078086
-128.0932778719301 17.232999487872917
-88.68588173159559 102.41477990065844
-60.003715285420135 105.71049730681388
-114.52326564767867 97.19767746854046
-65.39232178590245 135.85954039220246
-128.11918135291617 91.24190495707025
-71.44343576394637 103.66053280798727
-100.07101046402191 102.72549716203379
-70.84380033091853 129.44954018593975
105.79499513415962 116.7967714283634
-58.48800336833628 -56.43945955199584
-61.032990237908294 -39.132114169870874
-58.293995635610074 -52.760762957994274
-55.19469059939561 -43.49173211690448
-54.32939424368505 -38.10266943438402
-67.7979466415965 -57.297744772955625
-59.190553925793346 -47.65175531577426
-52.99653728521902 -41.87563828927826
-70.46470638141285 -31.960285274409717
-64.54470303428408 -43.320055557030415
-65.21318605699749 -38.0827086817877
-64.95742071874778 -45.87815299840608
-60.44564201118937 -41.27354549033402
-67.76184358543775 -40.87753015081301
-61.67285837067753 -37.49709423928236
-73.01967492973114 -37.50437885850203
-57.605260282159506 -33.9217964751431
-97.50575099619465 17.823193818013426
-119.1846370942461 -64.71952563696217
-71.99860029241705 152.5798721917528
-53.378390266347594 146.3314400715018
-61.32810444251829 -24.448757102916435
-73.71967074123634 -30.985649779811016
-69.14193883612404 -26.36279340947636
-71.87216782955946 -34.188809012687784
-66.25361154302284 -49.4536533201951
-65.39138629074938 -31.38915940285505
-65.64101179582681 -42.93046762383478
-48.75048031523375 -40.16536936036253
-98.60205238794111 5.954049440895348
-100.21624405941773 -47.13964136049506
-151.64547501713838 12.00562469457801
-107.03169058964103 164.6055376796736
-139.29559306421154 0.0
