RMSD between Frames
(0, 1) : 0.9300370216369629
(0, 2) : 0.9859775304794312
(0, 3) : 0.9318133592605591
(0, 4) : 0.9085279107093811
(0, 5) : 1.0784894227981567
(0, 6) : 1.0578621625900269
(0, 7) : 0.9446963667869568
(0, 8) : 0.9456319808959961
(0, 9) : 1.0637086629867554
(0, 10) : 0.9423237442970276
(0, 11) : 0.8822319507598877
(0, 12) : 1.00874924659729
(0, 13) : 1.067600131034851
(0, 14) : 1.0725597143173218
(0, 15) : 0.9534782767295837
(0, 16) : 1.1699886322021484
(0, 17) : 0.9796410202980042
(0, 18) : 0.9800034165382385
(0, 19) : 1.1901531219482422
(1, 2) : 0.9975490570068359
(1, 3) : 0.9517707228660583
(1, 4) : 0.9177996516227722
(1, 5) : 0.9801276326179504
(1, 6) : 1.0619539022445679
(1, 7) : 0.955881655216217
(1, 8) : 0.9434295892715454
(1, 9) : 0.995081901550293
(1, 10) : 0.9988288879394531
(1, 11) : 0.9860743880271912
(1, 12) : 1.0509282350540161
(1, 13) : 1.0208333730697632
(1, 14) : 1.0883665084838867
(1, 15) : 0.983766496181488
(1, 16) : 1.1572990417480469
(1, 17) : 1.0167267322540283
(1, 18) : 1.0335997343063354
(1, 19) : 1.1798232793807983
(2, 3) : 1.030596137046814
(2, 4) : 0.9764352440834045
(2, 5) : 1.0669677257537842
(2, 6) : 0.9558008909225464
(2, 7) : 0.9962236285209656
(2, 8) : 1.0113729238510132
(2, 9) : 1.0783969163894653
(2, 10) : 0.9905049800872803
(2, 11) : 0.98865807056427
(2, 12) : 1.0856050252914429
(2, 13) : 1.0525976419448853
(2, 14) : 1.0782949924468994
(2, 15) : 1.0226715803146362
(2, 16) : 1.0726131200790405
(2, 17) : 1.0292725563049316
(2, 18) : 1.0810179710388184
(2, 19) : 1.123777985572815
(3, 4) : 0.9711862802505493
(3, 5) : 0.9770013093948364
(3, 6) : 1.0383352041244507
(3, 7) : 1.0445234775543213
(3, 8) : 0.9786772727966309
(3, 9) : 1.0620489120483398
(3, 10) : 1.0074313879013062
(3, 11) : 0.89711993932724
(3, 12) : 0.9981209635734558
(3, 13) : 1.106837511062622
(3, 14) : 1.0036112070083618
(3, 15) : 1.0225573778152466
(3, 16) : 1.1358941793441772
(3, 17) : 0.9969338178634644
(3, 18) : 1.0189638137817383
(3, 19) : 1.1398011445999146
(4, 5) : 1.04689359664917
(4, 6) : 1.0199223756790161
(4, 7) : 0.9374468922615051
(4, 8) : 1.045566439628601
(4, 9) : 1.0097882747650146
(4, 10) : 0.9712451100349426
(4, 11) : 0.9390324950218201
(4, 12) : 1.0692722797393799
(4, 13) : 1.0809762477874756
(4, 14) : 1.0711904764175415
(4, 15) : 0.9860674738883972
(4, 16) : 1.1979361772537231
(4, 17) : 0.9746963977813721
(4, 18) : 0.9824707508087158
(4, 19) : 1.2052054405212402
(5, 6) : 1.0508860349655151
(5, 7) : 0.9591010212898254
(5, 8) : 1.0382509231567383
(5, 9) : 1.0311050415039063
(5, 10) : 1.0141701698303223
(5, 11) : 1.0548685789108276
(5, 12) : 0.9795753359794617
(5, 13) : 1.0465127229690552
(5, 14) : 0.8853228688240051
(5, 15) : 0.9688383340835571
(5, 16) : 1.0246978998184204
(5, 17) : 0.9772701263427734
(5, 18) : 1.0208953619003296
(5, 19) : 1.0537991523742676
(6, 7) : 0.9882922768592834
(6, 8) : 1.0595358610153198
(6, 9) : 1.0389305353164673
(6, 10) : 1.0443161725997925
(6, 11) : 0.9780275225639343
(6, 12) : 1.127313494682312
(6, 13) : 0.9954134821891785
(6, 14) : 1.0052525997161865
(6, 15) : 1.0859867334365845
(6, 16) : 1.1053589582443237
(6, 17) : 1.032480001449585
(6, 18) : 0.9529036283493042
(6, 19) : 1.149659276008606
(7, 8) : 0.9199907183647156
(7, 9) : 0.9710850119590759
(7, 10) : 0.9188917875289917
(7, 11) : 0.9409105181694031
(7, 12) : 0.9856276512145996
(7, 13) : 0.9422589540481567
(7, 14) : 0.9520710110664368
(7, 15) : 0.8857947587966919
(7, 16) : 1.1113958358764648
(7, 17) : 0.9566081166267395
(7, 18) : 0.933602511882782
(7, 19) : 1.1237717866897583
(8, 9) : 1.0709511041641235
(8, 10) : 0.9216381311416626
(8, 11) : 0.9637411236763
(8, 12) : 1.0147405862808228
(8, 13) : 1.0647255182266235
(8, 14) : 0.9752122163772583
(8, 15) : 0.9814051985740662
(8, 16) : 1.0908567905426025
(8, 17) : 1.034279227256775
(8, 18) : 1.0019056797027588
(8, 19) : 1.0622705221176147
(9, 10) : 1.0592981576919556
(9, 11) : 1.0296217203140259
(9, 12) : 1.0422638654708862
(9, 13) : 1.0128530263900757
(9, 14) : 1.0362964868545532
(9, 15) : 0.9871238470077515
(9, 16) : 1.1400374174118042
(9, 17) : 1.0003141164779663
(9, 18) : 1.038369059562683
(9, 19) : 1.2052751779556274
(10, 11) : 0.9509349465370178
(10, 12) : 0.9762952327728271
(10, 13) : 1.073500156402588
(10, 14) : 0.9573044180870056
(10, 15) : 0.9589507579803467
(10, 16) : 1.1145529747009277
(10, 17) : 0.9788182377815247
(10, 18) : 0.9462514519691467
(10, 19) : 1.05097496509552
(11, 12) : 1.089735984802246
(11, 13) : 1.0106031894683838
(11, 14) : 1.0015698671340942
(11, 15) : 1.0334608554840088
(11, 16) : 1.233419418334961
(11, 17) : 1.0312530994415283
(11, 18) : 0.9713849425315857
(11, 19) : 1.138649582862854
(12, 13) : 1.043033242225647
(12, 14) : 0.9538969993591309
(12, 15) : 0.9717585444450378
(12, 16) : 0.9967864155769348
(12, 17) : 1.0213905572891235
(12, 18) : 1.0232232809066772
(12, 19) : 1.00079345703125
(13, 14) : 1.064881443977356
(13, 15) : 1.0358258485794067
(13, 16) : 1.0826396942138672
(13, 17) : 1.081418514251709
(13, 18) : 0.9890197515487671
(13, 19) : 1.1360112428665161
(14, 15) : 0.9937764406204224
(14, 16) : 1.0744200944900513
(14, 17) : 0.9403768181800842
(14, 18) : 1.0090376138687134
(14, 19) : 0.948169469833374
(15, 16) : 1.018129825592041
(15, 17) : 0.9239396452903748
(15, 18) : 0.9978488087654114
(15, 19) : 1.0999759435653687
(16, 17) : 1.1027758121490479
(16, 18) : 1.1552339792251587
(16, 19) : 1.0311872959136963
(17, 18) : 1.04170560836792
(17, 19) : 1.1125569343566895
(18, 19) : 1.107652187347412
